id x 	  y      impact           start end
sa1 599514.55265  6177761.58738 100  500      700
sa2 599514.55265  6177463.00031 100  800     1000
sa3 599514.55265  6177156.55567 100  1100    1300
sa4 599530.26776  6176850.11104 100  1400    1600
sa5 599538.12532  6176252.93689 100  1700    1900
sa6 599538.12532  6176252.93689 100  2000    2200
sa7 599561.69798  6175655.76274 100  2300    2500
sa8 599561.69798  6175655.76274 100  2600    2800
sa9 599569.55553  6175357.17566 100  2900    3100
sa10 599569.55553  6175050.73103 100  3200   3400
sa1 599514.55265  6177761.58738 1  3500
sa2 599514.55265  6177463.00031 1  3500
sa3 599514.55265  6177156.55567 1  3500
sa4 599530.26776  6176850.11104 1  3500
sa5 599538.12532  6176252.93689 1  3500
sa6 599538.12532  6176252.93689 1  3500
sa7 599561.69798  6175655.76274 1  3500
sa8 599561.69798  6175655.76274 1  3500
sa9 599569.55553  6175357.17566 1  3500
sa10 599569.55553  6175050.73103 1  3500
